(0.931711, 0.363199) 1
(-0.0681324, 0.380871) 0.386917
(-0.748156, 1.11406) 1.34197
(0.237741, 1.28142) 1.30328
(0.339326, 2.27624) 2.3014
(1.33929, 2.26742) 2.63342
(1.50225, 3.25406) 3.58408
(0.961921, 4.09551) 4.20696
(1.78625, 4.66162) 4.99213
(2.51037, 3.97194) 4.69875
(3.39007, 3.49642) 4.87007
(2.8723, 2.6409) 3.90185
(2.20537, 3.38601) 4.04088
(3.07651, 2.89499) 4.22444
(3.33464, 1.92888) 3.85233
(2.5004, 2.48028) 3.5219
(3.49899, 2.53336) 4.31983
(3.79959, 1.57961) 4.11485
(3.74211, 0.581265) 3.78699
(3.97447, 1.55389) 4.26744
(4.84122, 2.05263) 5.2584
(5.3361, 2.9216) 6.08356
(4.33802, 2.85968) 5.19578
(5.29568, 2.57181) 5.88714
(6.18367, 2.11193) 6.53437
(7.16805, 1.93588) 7.42486
(7.46864, 0.98213) 7.53294
(6.62957, 0.438109) 6.64403
(6.70474, -0.559062) 6.728
(6.43806, 0.404725) 6.45077
(5.86106, 1.22147) 5.98699
(6.85965, 1.27455) 6.97706
(5.86063, 1.23031) 5.98838
(5.54323, 0.282017) 5.5504
(6.0458, -0.582519) 6.0738
(5.0647, -0.775993) 5.1238
(4.6974, -1.7061) 4.99764
(5.6874, -1.84719) 5.97985
(5.1104, -1.03045) 5.21325
(5.23839, -2.02222) 5.61517
(4.42419, -1.44163) 4.65315
(4.0405, -2.36509) 4.6818
(3.70636, -3.30762) 4.96764
(4.65324, -3.62921) 5.90117
(4.79871, -2.63985) 5.4769
(4.68832, -3.63374) 5.93164
(5.60659, -3.23778) 6.47434
(5.5226, -2.24132) 5.96009
(5.36838, -3.22935) 6.26484
(6.27208, -3.65751) 7.26061
(6.76696, -2.78854) 7.31899
(6.82446, -3.78689) 7.80473
(7.79811, -4.01494) 8.77099
(8.78545, -4.17353) 9.72638
(9.57857, -3.56447) 10.2203
(10.3553, -4.19435) 11.1725
(9.43011, -3.81475) 10.1725
(10.1603, -3.13149) 10.6319
(9.59783, -2.30466) 9.87065
(9.23876, -1.37135) 9.33998
(8.70592, -2.21757) 8.98391
(7.85272, -2.73914) 8.31674
(7.03343, -3.31253) 7.77444
(7.40075, -4.24262) 8.53059
(6.45388, -4.56424) 7.90474
(5.82744, -5.34371) 7.9066
(6.4811, -6.10049) 8.9006
(5.92602, -6.93228) 9.11999
(6.86092, -7.28719) 10.0088
(6.28391, -6.47045) 9.01966
(5.29392, -6.32933) 8.25143
(4.29427, -6.35588) 7.67059
(5.14749, -6.87743) 8.59045
(5.56361, -5.96812) 8.15918
(6.54472, -6.16157) 8.98879
(5.54723, -6.09084) 8.23833
(6.53161, -6.26689) 9.05184
(6.50951, -7.26665) 9.75592
(5.65631, -7.78822) 9.6255
(4.68686, -8.0335) 9.30074
(4.16151, -7.18262) 8.30109
(3.42532, -7.85939) 8.57338
(4.41871, -7.97417) 9.1166
(4.80243, -8.89762) 10.1109
(3.91446, -9.35752) 10.1433
(3.20891, -8.64886) 9.22497
(2.68357, -7.79798) 8.24682
(3.63864, -7.50161) 8.3375
(2.93941, -8.21651) 8.72646
(3.68749, -8.88012) 9.6153
(3.99648, -7.92905) 8.87929
(4.9955, -7.97327) 9.40893
(5.07067, -8.97044) 10.3044
(5.0132, -9.96878) 11.1584
(5.48485, -10.8506) 12.1581
(4.99769, -11.7239) 12.7447
(5.90514, -11.3037) 12.7532
(4.90517, -11.3126) 12.3302
(4.27873, -12.092) 12.8267
(4.7347, -12.982) 13.8185
(5.6696, -13.3369) 14.492
(5.79759, -14.3287) 15.4572
(4.97831, -14.9021) 15.7116
(5.65181, -15.6413) 16.6311
(4.65279, -15.6855) 16.361
(4.73675, -14.689) 15.4339
(5.73483, -14.7509) 15.8265
(4.97515, -14.1007) 14.9526
(4.97075, -15.1006) 15.8977
(4.06706, -15.5288) 16.0526
(3.07179, -15.626) 15.9251
(2.32374, -16.2897) 16.4546
(3.31373, -16.4308) 16.7616
(2.90562, -15.5178) 15.7875
(3.80161, -15.9619) 16.4084
(4.65483, -16.4835) 17.1281
(3.81576, -17.0275) 17.4498
(4.14154, -16.082) 16.6068
(4.75411, -16.8725) 17.5294
(4.77624, -17.8722) 18.4994
(4.14289, -17.0983) 17.5931
(3.19603, -17.42) 17.7107
(2.20483, -17.5523) 17.6903
(1.2292, -17.3329) 17.3764
(1.40092, -18.3181) 18.3716
(2.03424, -17.5442) 17.6617
(2.17971, -16.5548) 16.6977
(1.38657, -15.9458) 16.0059
(2.32761, -16.2841) 16.4496
(1.93572, -15.3641) 15.4855
(1.30928, -16.1435) 16.1965
(0.703724, -15.3477) 15.3638
(0.566957, -14.3571) 14.3683
(-0.431635, -14.3041) 14.3106
(0.554262, -14.1367) 14.1476
(-0.412989, -13.8829) 13.889
(-0.997173, -14.6945) 14.7283
(-0.143953, -15.2161) 15.2167
(0.704601, -14.6869) 14.7038
(1.67184, -14.4331) 14.5296
(1.34603, -13.4877) 13.5547
(1.61268, -12.5239) 12.6273
(1.04295, -13.3457) 13.3864
(0.602836, -14.2436) 14.2564
(1.04298, -15.1416) 15.1774
(1.10929, -14.1438) 14.1872
(1.68626, -13.327) 13.4333
(1.71721, -12.3275) 12.4465
(2.37083, -11.5707) 11.8111
(1.37083, -11.5707) 11.6516
(1.48125, -12.5646) 12.6516
(2.46859, -12.7232) 12.9604
(3.30768, -13.2672) 13.6733
(2.75259, -14.099) 14.3651
(1.90875, -14.6356) 14.7595
(1.23527, -15.3748) 15.4243
(2.15702, -15.7625) 15.9094
(2.83053, -16.5017) 16.7427
(1.87811, -16.8065) 16.9111
(2.70744, -17.3653) 17.5751
(3.0416, -18.3078) 18.5587
(2.17047, -18.7989) 18.9237
(2.94716, -19.4287) 19.651
(3.11012, -18.4421) 18.7025
(4.11008, -18.4509) 18.9032
(4.91911, -19.0387) 19.6639
(5.86014, -19.377) 20.2438
(6.73985, -19.8525) 20.9654
(5.94137, -20.4546) 21.3
(5.55767, -21.378) 22.0886
(6.49257, -21.7329) 22.682
(6.69905, -22.7114) 23.6788
(6.92282, -23.686) 24.677
(7.90394, -23.8795) 25.1535
(8.61573, -24.5818) 26.048
(7.66332, -24.8867) 26.0398
(7.85245, -25.8686) 27.0342
(7.07578, -26.4985) 27.427
(6.71671, -25.5652) 26.4328
(7.0257, -24.6141) 25.5972
(6.05625, -24.8594) 25.5865
(5.36335, -24.1384) 24.7271
(4.53901, -23.5723) 24.0053
(5.34803, -24.1601) 24.7449
(6.10194, -23.5031) 24.2823
(5.12258, -23.301) 23.8574
(4.15997, -23.0301) 23.4028
(5.14108, -23.2235) 23.7858
(4.97809, -22.2369) 22.7873
(4.12029, -21.7229) 22.1102
(4.09819, -22.7227) 23.0893
(3.28918, -23.3105) 23.5414
(3.9361, -22.5479) 22.8889
(2.9449, -22.6803) 22.8707
(3.47776, -23.5265) 23.7821
(4.20793, -22.8432) 23.2276
(3.8738, -23.7857) 24.0991
(3.5065, -24.7159) 24.9634
(3.97816, -25.5976) 25.9049
(3.43788, -26.4391) 26.6617
(2.49101, -26.7607) 26.8764
(1.49199, -26.805) 26.8465
(2.17848, -27.5321) 27.6182
(1.46049, -26.8361) 26.8758
(2.35648, -27.2802) 27.3817
(2.90418, -26.4435) 26.6025
(2.16201, -25.7733) 25.8638
(1.17922, -25.5885) 25.6157
(0.275529, -26.0167) 26.0182
(-0.724432, -26.0256) 26.0356
(-1.14858, -26.9312) 26.9556
(-1.01185, -25.9405) 25.9603
(-1.97445, -25.6696) 25.7455
(-1.90815, -24.6718) 24.7455
(-1.24123, -23.9267) 23.9589
(-1.52486, -24.8856) 24.9323
(-1.88394, -23.9523) 24.0263
(-2.85956, -23.7329) 23.9046
(-2.34939, -22.8728) 22.9932
(-3.14252, -22.2638) 22.4845
(-3.74808, -21.468) 21.7927
(-2.81318, -21.8229) 22.0035
(-3.78263, -22.0682) 22.39
(-3.28006, -22.9327) 23.1661
(-2.64674, -22.1588) 22.3163
(-3.5222, -21.6755) 21.9598
(-3.65896, -20.6849) 21.0061
(-2.95971, -21.3998) 21.6035
(-3.07892, -20.4069) 20.6379
(-2.92467, -21.395) 21.5939
(-2.52466, -22.3115) 22.4539
(-3.47707, -22.6163) 22.882
(-4.08262, -21.8205) 22.1991
(-4.29776, -20.8439) 21.2824
(-4.83059, -21.6901) 22.2215
(-5.45704, -22.4696) 23.1227
(-5.82433, -23.3997) 24.1137
(-5.95229, -24.3915) 25.1072
(-5.00261, -24.0782) 24.5924
(-4.14483, -23.5642) 23.926
(-3.72065, -24.4698) 24.7511
(-3.40322, -25.4181) 25.6449
(-2.72971, -26.1573) 26.2993
(-2.13123, -26.9584) 27.0425
(-2.59506, -26.0725) 26.2013
(-3.38275, -26.6885) 26.9021
(-2.42768, -26.3922) 26.5036
(-1.42959, -26.4541) 26.4927
(-2.42486, -26.5513) 26.6618
(-2.24446, -25.5677) 25.666
(-1.54521, -26.2826) 26.3279
(-1.09716, -25.3886) 25.4123
(-1.95496, -24.8746) 24.9513
(-1.17828, -25.5045) 25.5317
(-0.325057, -26.026) 26.028
(-0.68413, -25.0927) 25.102
(-0.670883, -24.0928) 24.1021
(-0.00396759, -23.3477) 23.3477
(0.761446, -23.9912) 24.0033
(0.836613, -24.9884) 25.0024
(0.604224, -24.0157) 24.0233
(1.34044, -24.6925) 24.7289
(0.341416, -24.7367) 24.7391
(0.425376, -23.7403) 23.7441
(0.107976, -24.6886) 24.6888
(1.09668, -24.5387) 24.5632
(0.103294, -24.6535) 24.6537
(-0.876067, -24.4514) 24.4671
(-0.00491977, -24.9424) 24.9424
(0.966665, -24.7057) 24.7246
(1.69684, -24.0224) 24.0823
(1.28873, -23.1095) 23.1454
(0.848613, -24.0075) 24.0225
(-0.148883, -23.9367) 23.9372
(-0.802526, -24.6935) 24.7066
(0.0167792, -25.2669) 25.2669
(0.916646, -24.8307) 24.8476
(1.67055, -24.1737) 24.2314
(2.16542, -23.3048) 23.4052
(2.88338, -22.6087) 22.7918
(3.50985, -23.3881) 23.65
(3.44352, -22.3903) 22.6536
(4.08368, -23.1586) 23.5159
(3.08372, -23.1674) 23.3718
(3.94604, -23.6738) 24.0004
(3.25958, -24.401) 24.6177
(3.50056, -25.3715) 25.6118
(2.59311, -24.9514) 25.0857
(1.59502, -25.0133) 25.0641
(2.50977, -25.4173) 25.5409
(3.14993, -26.1855) 26.3743
(3.20744, -27.1839) 27.3725
(2.2857, -27.5717) 27.6663
(1.74537, -26.7302) 26.7872
(1.70558, -27.7295) 27.7819
(0.755891, -27.4163) 27.4267
(0.245689, -26.5562) 26.5573
(1.06499, -27.1296) 27.1505
(0.755971, -26.1785) 26.1894
(1.75593, -26.1873) 26.2461
(0.821043, -26.5423) 26.555
(0.984004, -25.5556) 25.5746
(1.40018, -26.4649) 26.5019
(1.84032, -27.3628) 27.4247
(1.40021, -28.2608) 28.2954
(0.411496, -28.1109) 28.1139
(-0.336562, -28.7746) 28.7765
(-1.33558, -28.8188) 28.8497
(-1.18133, -29.8068) 29.8302
(-0.701919, -28.9293) 28.9378
(0.177784, -29.4048) 29.4053
(0.495213, -30.3531) 30.3571
(0.959015, -29.4671) 29.4827
(0.624878, -30.4096) 30.4161
(1.4872, -30.916) 30.9518
(2.31153, -30.3499) 30.4378
(3.30961, -30.4118) 30.5913
(3.78126, -31.2936) 31.5212
(4.59029, -31.8813) 32.2101
(5.51204, -32.2691) 32.7365
(5.41043, -31.2743) 31.7389
(5.5559, -30.2849) 30.7904
(5.12372, -29.3832) 29.8265
(5.70793, -30.1948) 30.7295
(6.6262, -29.7988) 30.5266
(6.84997, -30.7734) 31.5266
(7.47644, -31.5529) 32.4266
(8.36844, -31.1009) 32.2071
(9.36371, -31.198) 32.573
(10.2123, -30.6689) 32.3245
(9.2123, -30.6778) 32.0311
(10.1898, -30.8886) 32.5259
(9.48428, -30.1799) 31.6351
(8.69659, -30.796) 32.0004
(9.68892, -30.6724) 32.1663
(9.71105, -31.6721) 33.1275
(8.71203, -31.7164) 32.8912
(9.58747, -31.2331) 32.6714
(10.5476, -31.5125) 33.2308
(9.79372, -30.8555) 32.3725
(10.3707, -30.0387) 31.7786
(9.39705, -30.2668) 31.692
(10.397, -30.2756) 32.0111
(11.3381, -30.614) 32.6461
(12.2219, -30.1462) 32.5295
(12.0155, -31.1247) 33.3634
(13.0055, -31.2658) 33.8628
(13.5824, -30.449) 33.341
(13.3073, -31.4104) 34.113
(14.0314, -32.1001) 35.0328
(14.9565, -31.7204) 35.0697
(15.555, -32.5216) 36.0501
(16.3588, -31.9266) 35.8737
(15.8486, -31.0666) 34.8756
(16.8472, -31.0135) 35.294
(17.8384, -31.1459) 35.8925
(18.8383, -31.1547) 36.4074
(19.2785, -32.0526) 37.4036
(18.5729, -31.3439) 36.4335
(19.412, -31.8879) 37.3318
(20.2051, -31.2789) 37.2373
(19.2192, -31.1115) 36.5692
(19.1176, -30.1167) 35.6721
(19.1663, -29.1179) 34.8597
(19.1353, -28.1184) 34.0118
(20.1069, -27.8817) 34.3755
(19.4399, -27.1366) 33.3812
(20.4311, -27.2689) 34.0738
(19.4901, -27.6073) 33.7939
(19.2149, -28.5687) 34.4294
(19.1663, -27.5698) 33.5774
(19.2149, -26.571) 32.7907
(20.1822, -26.3172) 33.1649
(19.4642, -25.6211) 32.176
(20.4291, -25.8835) 32.9743
(20.5219, -26.8792) 33.8177
(19.6182, -27.3074) 33.6239
(18.9987, -26.5224) 32.625
(19.7228, -27.2121) 33.6078
(19.842, -26.2192) 32.8809
(19.3704, -27.101) 33.3118
(19.5941, -28.0756) 34.237
(20.0183, -28.9812) 35.2228
(20.4585, -29.8791) 36.212
(20.7337, -30.8405) 37.1621
(21.3601, -31.62) 38.1586
(21.338, -32.6197) 38.979
(21.4308, -33.6154) 39.8657
(22.3526, -34.0032) 40.6922
(23.0391, -34.7303) 41.6773
(22.8674, -35.7155) 42.4089
(23.7821, -36.1195) 43.2459
(24.0403, -37.0856) 44.1959
(23.3223, -36.3896) 43.2219
(23.1593, -35.403) 42.3051
(22.4858, -36.1422) 42.566
(22.8858, -37.0587) 43.5558
(21.9448, -37.397) 43.3602
(21.8344, -38.3909) 44.1656
(22.2344, -39.3074) 45.1602
(21.2718, -39.0365) 44.456
(22.2704, -38.9834) 44.8963
(22.2483, -39.9832) 45.7563
(23.1594, -39.571) 45.85
(23.208, -38.5722) 45.0159
(24.0222, -37.9916) 44.9492
(23.1832, -38.5356) 44.9717
(24.1831, -38.5444) 45.5027
(24.3199, -37.5538) 44.7409
(25.2037, -37.0861) 44.8398
(26.1774, -37.3141) 45.5807
(25.9796, -36.3339) 44.6664
(26.297, -37.2822) 45.6234
(26.656, -36.3489) 45.0753
(25.7722, -35.8811) 44.1776
(26.4839, -36.5835) 45.1636
(27.2824, -37.1855) 46.1204
(28.2042, -37.5733) 46.9812
(27.2518, -37.8781) 46.6627
(27.6436, -36.9581) 46.1527
(28.3301, -37.6852) 47.1463
(27.8199, -36.8252) 46.1524
(28.4934, -37.5644) 47.1482
(28.9494, -38.4544) 48.1332
(29.4823, -39.3006) 49.1298
(30.0665, -40.1122) 50.1296
